   1.0250000e+03   4.8550386e+00
   1.0260000e+03   5.2268395e+00
   1.0270000e+03   4.8439901e+00
   1.0280000e+03   4.7787133e+00
   1.0290000e+03   4.8370130e+00
   1.0300000e+03   4.8984035e+00
   1.0310000e+03   4.9102290e+00
   1.0320000e+03   5.0701072e+00
   1.0330000e+03   5.0125105e+00
   1.0340000e+03   5.1936181e+00
   1.0350000e+03   4.9399447e+00
   1.0360000e+03   5.3171689e+00
   1.0370000e+03   4.9188712e+00
   1.0380000e+03   5.4814219e+00
   1.0390000e+03   5.3710715e+00
   1.0400000e+03   5.6013488e+00
   1.0410000e+03   5.3664862e+00
   1.0420000e+03   5.7497051e+00
   1.0430000e+03   6.5458127e+00
   1.0440000e+03   7.0977242e+00
   1.0450000e+03   7.1036372e+00
   1.0460000e+03   7.8436821e+00
   1.0470000e+03   8.7523988e+00
   1.0480000e+03   9.5434995e+00
   1.0490000e+03   9.7367660e+00
   1.0500000e+03   1.0955737e+01
   1.0510000e+03   1.2277695e+01
   1.0520000e+03   1.3976249e+01
   1.0530000e+03   1.4892744e+01
   1.0540000e+03   1.6706101e+01
   1.0550000e+03   1.8732200e+01
   1.0560000e+03   2.0302429e+01
   1.0570000e+03   2.2266580e+01
   1.0580000e+03   2.4048858e+01
   1.0590000e+03   2.6228251e+01
   1.0600000e+03   2.8201490e+01
   1.0610000e+03   2.9816326e+01
   1.0620000e+03   3.2091077e+01
   1.0630000e+03   3.3550223e+01
   1.0640000e+03   3.4854802e+01
   1.0650000e+03   3.6470280e+01
   1.0660000e+03   3.7399526e+01
   1.0670000e+03   3.8397432e+01
   1.0680000e+03   3.9217983e+01
   1.0690000e+03   3.9284749e+01
   1.0700000e+03   3.9544993e+01
   1.0710000e+03   3.9220295e+01
   1.0720000e+03   3.8881547e+01
   1.0730000e+03   3.8501215e+01
   1.0740000e+03   3.7065554e+01
   1.0750000e+03   3.6065547e+01
   1.0760000e+03   3.4781444e+01
   1.0770000e+03   3.2925862e+01
   1.0780000e+03   3.1563181e+01
   1.0790000e+03   2.9288611e+01
   1.0800000e+03   2.7858498e+01
   1.0810000e+03   2.5952659e+01
   1.0820000e+03   2.3677078e+01
   1.0830000e+03   2.1925165e+01
   1.0840000e+03   2.0288963e+01
   1.0850000e+03   1.8345228e+01
   1.0860000e+03   1.6363714e+01
   1.0870000e+03   1.5199944e+01
   1.0880000e+03   1.3840123e+01
   1.0890000e+03   1.2532370e+01
   1.0900000e+03   1.1492186e+01
   1.0910000e+03   1.0527647e+01
   1.0920000e+03   9.8913714e+00
   1.0930000e+03   8.7575043e+00
   1.0940000e+03   8.0886922e+00
   1.0950000e+03   8.2237754e+00
   1.0960000e+03   7.7381464e+00
   1.0970000e+03   7.4245820e+00
   1.0980000e+03   7.8653917e+00
   1.0990000e+03   7.6196559e+00
   1.1000000e+03   8.0719624e+00
   1.1010000e+03   8.2213845e+00
   1.1020000e+03   8.7617209e+00
   1.1030000e+03   8.9456777e+00
   1.1040000e+03   9.4174671e+00
   1.1050000e+03   9.6288838e+00
   1.1060000e+03   1.0118611e+01
   1.1070000e+03   1.1047591e+01
   1.1080000e+03   1.1131375e+01
   1.1090000e+03   1.1682773e+01
   1.1100000e+03   1.1729543e+01
   1.1110000e+03   1.2524600e+01
   1.1120000e+03   1.2666650e+01
   1.1130000e+03   1.2985953e+01
   1.1140000e+03   1.2972985e+01
   1.1150000e+03   1.2838939e+01
   1.1160000e+03   1.3336337e+01
   1.1170000e+03   1.2891710e+01
   1.1180000e+03   1.2215211e+01
   1.1190000e+03   1.2369100e+01
   1.1200000e+03   1.1841704e+01
   1.1210000e+03   1.1538687e+01
   1.1220000e+03   1.1368675e+01
   1.1230000e+03   1.0490300e+01
   1.1240000e+03   1.0401850e+01
   1.1250000e+03   9.6231319e+00
   1.1260000e+03   8.8233395e+00
   1.1270000e+03   8.9385820e+00
   1.1280000e+03   8.2120750e+00
   1.1290000e+03   7.7853268e+00
   1.1300000e+03   6.9634634e+00
   1.1310000e+03   7.0677932e+00
   1.1320000e+03   6.6936566e+00
   1.1330000e+03   6.1138494e+00
   1.1340000e+03   6.2145800e+00
   1.1350000e+03   5.9528964e+00
   1.1360000e+03   5.7749080e+00
   1.1370000e+03   5.6649109e+00
   1.1380000e+03   5.2722750e+00
   1.1390000e+03   5.0577043e+00
   1.1400000e+03   5.0947237e+00
   1.1410000e+03   4.8895870e+00
   1.1420000e+03   5.0581298e+00
   1.1430000e+03   5.2689289e+00
   1.1440000e+03   5.0899106e+00
   1.1450000e+03   5.1158365e+00
   1.1460000e+03   5.1957049e+00
   1.1470000e+03   4.8663679e+00
   1.1480000e+03   4.9534698e+00
   1.1490000e+03   5.0697800e+00
   1.1500000e+03   5.2706993e+00
   1.1510000e+03   5.0380077e+00
   1.1520000e+03   4.5803147e+00
   1.1530000e+03   5.1440271e+00
   1.1540000e+03   4.7930250e+00
   1.1550000e+03   5.2147468e+00
   1.1560000e+03   4.9372607e+00
   1.1570000e+03   5.2963850e+00
   1.1580000e+03   5.1400996e+00
   1.1590000e+03   5.0320016e+00
   1.1600000e+03   4.8109930e+00
   1.1610000e+03   4.8414520e+00
   1.1620000e+03   4.5901838e+00
   1.1630000e+03   4.5282531e+00
   1.1640000e+03   4.6681598e+00
   1.1650000e+03   4.8083833e+00
   1.1660000e+03   5.0451508e+00
   1.1670000e+03   5.0435360e+00
   1.1680000e+03   4.8353534e+00
   1.1690000e+03   4.7974471e+00
   1.1700000e+03   5.2430529e+00
   1.1710000e+03   5.0312555e+00
   1.1720000e+03   4.9199489e+00
   1.1730000e+03   4.9116444e+00
   1.1740000e+03   5.0896207e+00
   1.1750000e+03   4.6670815e+00
   1.1760000e+03   5.0429787e+00
   1.1770000e+03   5.1099137e+00
   1.1780000e+03   5.2784687e+00
   1.1790000e+03   4.8761587e+00
   1.1800000e+03   4.9974891e+00
   1.1810000e+03   5.1547298e+00
   1.1820000e+03   5.3258500e+00
   1.1830000e+03   4.7180097e+00
   1.1840000e+03   4.6505466e+00
   1.1850000e+03   4.9055522e+00
   1.1860000e+03   4.9879832e+00
   1.1870000e+03   5.0877763e+00
   1.1880000e+03   5.0402448e+00
   1.1890000e+03   4.8833407e+00
   1.1900000e+03   5.1529602e+00
   1.1910000e+03   5.0281545e+00
   1.1920000e+03   4.9254130e+00
   1.1930000e+03   5.0210937e+00
   1.1940000e+03   5.2541252e+00
   1.1950000e+03   5.0998263e+00
   1.1960000e+03   4.9205955e+00
   1.1970000e+03   4.6420056e+00
   1.1980000e+03   4.9466219e+00
   1.1990000e+03   5.0356864e+00
   1.2000000e+03   4.9131618e+00
   1.2010000e+03   5.0929029e+00
   1.2020000e+03   4.7757114e+00
   1.2030000e+03   4.9281858e+00
   1.2040000e+03   5.1064547e+00
   1.2050000e+03   4.6713012e+00
   1.2060000e+03   5.0933843e+00
   1.2070000e+03   5.0224314e+00
   1.2080000e+03   5.2993155e+00
   1.2090000e+03   4.8827026e+00
   1.2100000e+03   4.6562175e+00
   1.2110000e+03   5.1482083e+00
   1.2120000e+03   5.2175394e+00
   1.2130000e+03   5.1513351e+00
   1.2140000e+03   5.3259390e+00
   1.2150000e+03   4.7250015e+00
   1.2160000e+03   4.7895980e+00
   1.2170000e+03   5.0955037e+00
   1.2180000e+03   5.2444356e+00
   1.2190000e+03   5.4741463e+00
   1.2200000e+03   5.0229176e+00
   1.2210000e+03   5.0558142e+00
   1.2220000e+03   5.1504163e+00
   1.2230000e+03   4.9479489e+00
   1.2240000e+03   4.9948017e+00
   1.2250000e+03   5.0193447e+00
   1.2260000e+03   5.0288286e+00
   1.2270000e+03   5.3712427e+00
   1.2280000e+03   5.2200671e+00
   1.2290000e+03   4.9271787e+00
   1.2300000e+03   5.0943988e+00
   1.2310000e+03   4.8321788e+00
   1.2320000e+03   4.8952745e+00
   1.2330000e+03   4.7222475e+00
   1.2340000e+03   5.0008503e+00
   1.2350000e+03   4.7190473e+00
   1.2360000e+03   5.5258066e+00
   1.2370000e+03   5.1639135e+00
   1.2380000e+03   4.7113241e+00
   1.2390000e+03   4.9000569e+00
   1.2400000e+03   4.8964102e+00
   1.2410000e+03   4.6394522e+00
   1.2420000e+03   5.1976876e+00
   1.2430000e+03   4.9278498e+00
   1.2440000e+03   5.2265321e+00
   1.2450000e+03   5.0818039e+00
   1.2460000e+03   5.1638245e+00
   1.2470000e+03   5.0639316e+00
   1.2480000e+03   5.4830016e+00
   1.2490000e+03   4.9771940e+00
   1.2500000e+03   5.0236036e+00
