   1.0000000e+01   1.3472750e+01   9.8418377e+00   1.2570765e+01   7.4821092e+00   5.5505290e+00   1.2546477e+01   2.6307780e+00   1.3968493e+01   3.0901930e+00   6.9119714e+00
   1.1000000e+01   1.4640452e+01   1.0495427e+01   1.3421138e+01   8.1830272e+00   6.2530279e+00   1.4056931e+01   3.3758711e+00   1.4974087e+01   3.3031811e+00   7.2816503e+00
   1.2000000e+01   1.4985277e+01   1.1624723e+01   1.4791829e+01   9.0110214e+00   6.4984568e+00   1.4523196e+01   3.8468054e+00   1.5165831e+01   3.6927884e+00   7.7088379e+00
   1.3000000e+01   1.5588302e+01   1.1787982e+01   1.4849436e+01   9.3205886e+00   7.1897181e+00   1.5176283e+01   4.0322126e+00   1.5596772e+01   4.2602617e+00   8.4382184e+00
   1.4000000e+01   1.6262582e+01   1.2464795e+01   1.5438364e+01   1.0076472e+01   7.7196168e+00   1.5841987e+01   4.6496158e+00   1.6331532e+01   4.6136028e+00   8.6796462e+00
   1.5000000e+01   1.6893182e+01   1.3235538e+01   1.6066694e+01   1.0721108e+01   8.1056298e+00   1.6069495e+01   5.0495125e+00   1.6563827e+01   5.0451492e+00   9.1286098e+00
   1.6000000e+01   1.7431850e+01   1.3525096e+01   1.6491146e+01   1.1135738e+01   8.6067072e+00   1.6863466e+01   5.5381945e+00   1.7109148e+01   5.4613228e+00   9.7815269e+00
   1.7000000e+01   1.8079464e+01   1.4115786e+01   1.7722654e+01   1.1518593e+01   8.8796925e+00   1.7359461e+01   5.9853220e+00   1.7645721e+01   5.7842036e+00   1.0131600e+01
   1.8000000e+01   1.8472706e+01   1.4676763e+01   1.7616431e+01   1.2095954e+01   9.4099734e+00   1.7967882e+01   5.3889085e+00   1.8130540e+01   6.3610386e+00   1.0136554e+01
   1.9000000e+01   1.9069032e+01   1.4556785e+01   1.8258636e+01   1.2123769e+01   9.7400574e+00   1.8318066e+01   6.0456506e+00   1.8848806e+01   6.4449226e+00   1.0514699e+01
   2.0000000e+01   1.9195188e+01   1.5593566e+01   1.9100234e+01   1.3089883e+01   1.0431040e+01   1.8844424e+01   6.4941402e+00   1.8528430e+01   7.0645740e+00   1.0976775e+01
   2.1000000e+01   1.9779963e+01   1.5954312e+01   1.9216172e+01   1.3681899e+01   1.0763014e+01   1.8772611e+01   7.2013884e+00   1.8388784e+01   7.5387327e+00   1.1223674e+01
   2.2000000e+01   1.8847819e+01   1.6669384e+01   2.0154202e+01   1.3603661e+01   1.1129365e+01   1.7667289e+01   7.1835683e+00   1.6975220e+01   7.2330348e+00   1.1833894e+01
   2.3000000e+01   1.8670871e+01   1.6603595e+01   1.9406348e+01   1.3999655e+01   1.1837194e+01   1.6631058e+01   7.8728511e+00   1.5600837e+01   8.2817812e+00   1.2449906e+01
   2.4000000e+01   1.7878050e+01   1.7221207e+01   1.9012564e+01   1.4229281e+01   1.1924128e+01   1.5394201e+01   8.2150544e+00   1.5083943e+01   8.0417572e+00   1.2667483e+01
   2.5000000e+01   1.7507089e+01   1.7031719e+01   1.9064821e+01   1.4354832e+01   1.2218530e+01   1.5514772e+01   8.3201885e+00   1.4133105e+01   8.7216168e+00   1.2827032e+01
   2.6000000e+01   1.6728407e+01   1.6907738e+01   1.8569443e+01   1.4826609e+01   1.2418873e+01   1.5302171e+01   8.5411058e+00   1.4240510e+01   9.0290740e+00   1.2820973e+01
   2.7000000e+01   1.6595328e+01   1.7243952e+01   1.8501862e+01   1.4781239e+01   1.2449886e+01   1.5129650e+01   8.7848493e+00   1.3584977e+01   9.0839442e+00   1.3000065e+01
   2.8000000e+01   1.6874810e+01   1.7074209e+01   1.8360372e+01   1.4736147e+01   1.2956587e+01   1.4434983e+01   9.0458136e+00   1.3796351e+01   9.7137738e+00   1.3704698e+01
   2.9000000e+01   1.6884916e+01   1.6965820e+01   1.8622443e+01   1.4743650e+01   1.2771242e+01   1.4318218e+01   9.6053273e+00   1.3019547e+01   9.6788109e+00   1.3484444e+01
   3.0000000e+01   1.6301915e+01   1.7007639e+01   1.7886235e+01   1.4745184e+01   1.3316627e+01   1.4377294e+01   9.7104410e+00   1.3104352e+01   9.6740578e+00   1.3934410e+01
   3.1000000e+01   1.6386119e+01   1.7112064e+01   1.8155120e+01   1.5048792e+01   1.3599418e+01   1.4297351e+01   9.5271155e+00   1.3841059e+01   1.0050474e+01   1.4300940e+01
   3.2000000e+01   1.6554542e+01   1.7284257e+01   1.8238352e+01   1.4904833e+01   1.3998157e+01   1.4613203e+01   9.4904373e+00   1.3363616e+01   9.7566687e+00   1.4078958e+01
   3.3000000e+01   1.6505707e+01   1.6941997e+01   1.7735053e+01   1.4940675e+01   1.3718255e+01   1.4432146e+01   1.0356231e+01   1.3210387e+01   1.0182109e+01   1.3974650e+01
   3.4000000e+01   1.5746667e+01   1.7128364e+01   1.7869534e+01   1.4973697e+01   1.4066959e+01   1.4537168e+01   1.0283126e+01   1.3100982e+01   9.7920248e+00   1.4126296e+01
   3.5000000e+01   1.5891298e+01   1.7031264e+01   1.7657551e+01   1.5236457e+01   1.4119302e+01   1.4385255e+01   1.0191588e+01   1.3365652e+01   1.0380609e+01   1.4421526e+01
   3.6000000e+01   1.6010674e+01   1.7130692e+01   1.8161565e+01   1.4986317e+01   1.3775546e+01   1.4199207e+01   1.0643290e+01   1.2994614e+01   1.0154949e+01   1.4879040e+01
   3.7000000e+01   1.6376101e+01   1.7045128e+01   1.7831759e+01   1.4984278e+01   1.3949477e+01   1.4012537e+01   1.0449951e+01   1.3260667e+01   1.0610650e+01   1.4519483e+01
   3.8000000e+01   1.5830999e+01   1.7078918e+01   1.7875425e+01   1.5170001e+01   1.4374747e+01   1.4381783e+01   1.0530206e+01   1.3246683e+01   1.0712933e+01   1.4530481e+01
   3.9000000e+01   1.6061041e+01   1.6861484e+01   1.7743284e+01   1.4985000e+01   1.4745579e+01   1.4213191e+01   1.1086129e+01   1.3562311e+01   1.0711023e+01   1.4387882e+01
   4.0000000e+01   1.6393803e+01   1.7107849e+01   1.7872640e+01   1.5118513e+01   1.4461786e+01   1.4744527e+01   1.1149397e+01   1.3617962e+01   1.0872863e+01   1.5140874e+01
   4.1000000e+01   1.6313232e+01   1.7127923e+01   1.7706637e+01   1.5082162e+01   1.4796308e+01   1.5237336e+01   1.0888739e+01   1.4639329e+01   1.0959305e+01   1.4912278e+01
   4.2000000e+01   1.7257489e+01   1.7167559e+01   1.7554217e+01   1.5319863e+01   1.4590207e+01   1.6859414e+01   1.1207348e+01   1.6817777e+01   1.1109141e+01   1.5025188e+01
   4.3000000e+01   1.8137288e+01   1.7414990e+01   1.8574579e+01   1.5544545e+01   1.4593619e+01   1.8091552e+01   1.1429715e+01   1.8102216e+01   1.1039640e+01   1.4870323e+01
   4.4000000e+01   1.9293642e+01   1.7597477e+01   1.8974099e+01   1.5415274e+01   1.4623478e+01   1.9022783e+01   1.1144984e+01   1.9150536e+01   1.1061726e+01   1.5162293e+01
   4.5000000e+01   2.0125421e+01   1.7712947e+01   1.9756929e+01   1.5824147e+01   1.4925176e+01   1.9915820e+01   1.1164666e+01   1.9891690e+01   1.1127751e+01   1.5256290e+01
   4.6000000e+01   2.0531210e+01   1.7905689e+01   2.0571507e+01   1.5899347e+01   1.4944064e+01   2.0730075e+01   1.1476194e+01   2.0965188e+01   1.1441323e+01   1.5376327e+01
   4.7000000e+01   2.1585890e+01   1.8420563e+01   2.0806780e+01   1.6373111e+01   1.5275017e+01   2.1202539e+01   1.1439161e+01   2.1030348e+01   1.1506913e+01   1.5452181e+01
   4.8000000e+01   2.1867354e+01   1.8633036e+01   2.1033446e+01   1.6372287e+01   1.5050223e+01   2.1585480e+01   1.1681178e+01   2.2055253e+01   1.1437898e+01   1.5366786e+01
   4.9000000e+01   2.2084877e+01   1.8943709e+01   2.1724222e+01   1.6776282e+01   1.5301046e+01   2.2541824e+01   1.2067103e+01   2.2036817e+01   1.1858763e+01   1.5841327e+01
   5.0000000e+01   2.2746608e+01   1.9307174e+01   2.2583890e+01   1.7252338e+01   1.5420901e+01   2.2918703e+01   1.2133026e+01   2.2539826e+01   1.2212018e+01   1.5827427e+01
   5.1000000e+01   2.2892430e+01   1.9577282e+01   2.2827498e+01   1.7500750e+01   1.5628949e+01   2.2973155e+01   1.1975910e+01   2.2969209e+01   1.2040060e+01   1.6034164e+01
   5.2000000e+01   2.3308269e+01   1.9884085e+01   2.3062730e+01   1.8046156e+01   1.6154524e+01   2.3540731e+01   1.1672163e+01   2.3023443e+01   1.2629733e+01   1.6106007e+01
   5.3000000e+01   2.3773023e+01   2.0319091e+01   2.3502284e+01   1.7980339e+01   1.6128300e+01   2.3651034e+01   1.2329676e+01   2.3160061e+01   1.2863193e+01   1.6342934e+01
   5.4000000e+01   2.3728749e+01   2.0493755e+01   2.3406955e+01   1.8248633e+01   1.6300404e+01   2.4288082e+01   1.2675592e+01   2.3700402e+01   1.2877924e+01   1.6696072e+01
   5.5000000e+01   2.4134546e+01   2.1053976e+01   2.3548304e+01   1.8721840e+01   1.6634194e+01   2.4323441e+01   1.2764143e+01   2.4065906e+01   1.2930352e+01   1.6801649e+01
   5.6000000e+01   2.4217227e+01   2.1179925e+01   2.3896108e+01   1.8450580e+01   1.7005622e+01   2.4541926e+01   1.3167380e+01   2.4371109e+01   1.3189209e+01   1.6905596e+01
   5.7000000e+01   2.4546256e+01   2.1153837e+01   2.4216476e+01   1.9082677e+01   1.7382115e+01   2.4528322e+01   1.3534848e+01   2.4313699e+01   1.3752106e+01   1.7131682e+01
   5.8000000e+01   2.5086397e+01   2.1518427e+01   2.4210081e+01   1.9718963e+01   1.7499253e+01   2.4929478e+01   1.3266058e+01   2.4842255e+01   1.3494261e+01   1.7137762e+01
   5.9000000e+01   2.4810097e+01   2.1689314e+01   2.4766261e+01   1.9491703e+01   1.7648867e+01   2.5188788e+01   1.4000424e+01   2.4736966e+01   1.3915202e+01   1.7617961e+01
   6.0000000e+01   2.5188913e+01   2.2032589e+01   2.4843230e+01   1.9606440e+01   1.7191731e+01   2.5160600e+01   1.4220098e+01   2.5016756e+01   1.4221211e+01   1.7548414e+01
   6.1000000e+01   3.7211201e+01   2.3631019e+01   2.5246715e+01   2.0200761e+01   1.7406130e+01   2.5287738e+01   1.4507048e+01   2.4578814e+01   1.4352516e+01   1.8315868e+01
   6.2000000e+01   4.4056196e+01   2.7673953e+01   2.4973939e+01   1.9833700e+01   1.7923611e+01   2.3980898e+01   1.3912394e+01   2.5049157e+01   1.6228689e+01   1.8049850e+01
   6.3000000e+01   4.7814728e+01   3.1341196e+01   2.5253712e+01   2.0417791e+01   1.8036939e+01   2.2436224e+01   1.4172846e+01   2.7084219e+01   1.8861169e+01   1.8217407e+01
   6.4000000e+01   4.9361751e+01   3.4316497e+01   2.5172076e+01   2.0428168e+01   1.8774882e+01   2.2170903e+01   1.4060567e+01   2.9580077e+01   2.1240778e+01   1.8220359e+01
   6.5000000e+01   5.1144828e+01   3.6685551e+01   2.5925279e+01   2.0867769e+01   1.9065426e+01   2.2295010e+01   1.4629384e+01   3.1076850e+01   2.3649909e+01   1.8520116e+01
   6.6000000e+01   5.2166470e+01   3.8987907e+01   2.6397934e+01   2.0611056e+01   1.9732066e+01   2.1854250e+01   1.4634903e+01   3.2645014e+01   2.5717119e+01   1.8798802e+01
   6.7000000e+01   5.2583086e+01   4.0379704e+01   2.6959420e+01   2.0739654e+01   2.0590373e+01   2.2825007e+01   1.4947761e+01   3.3784886e+01   2.7768398e+01   1.9433279e+01
   6.8000000e+01   5.3351093e+01   4.1797075e+01   2.7819628e+01   2.0397946e+01   2.1143818e+01   2.2709872e+01   1.5009785e+01   3.5130740e+01   2.9195756e+01   1.9217637e+01
   6.9000000e+01   5.4077446e+01   4.2823696e+01   2.8676162e+01   2.1239400e+01   2.2037350e+01   2.3721166e+01   1.5612811e+01   3.6292453e+01   3.0471666e+01   1.9553239e+01
   7.0000000e+01   5.4340554e+01   4.3822429e+01   2.9347388e+01   2.1024547e+01   2.2566067e+01   2.4184005e+01   1.5397737e+01   3.7186915e+01   3.1891842e+01   2.0223361e+01
   7.1000000e+01   5.4406403e+01   4.4623700e+01   3.0072580e+01   2.1281785e+01   2.3299307e+01   2.4661841e+01   1.5391282e+01   3.7899190e+01   3.2823332e+01   2.0627373e+01
   7.2000000e+01   5.5125237e+01   4.5401404e+01   3.0540795e+01   2.2083088e+01   2.4011402e+01   2.5291343e+01   1.5685323e+01   3.8768350e+01   3.3841240e+01   2.0737201e+01
   7.3000000e+01   5.5478692e+01   4.6039177e+01   3.1507097e+01   2.2171328e+01   2.4876956e+01   2.6154315e+01   1.5991116e+01   3.9167714e+01   3.4794005e+01   2.1057074e+01
   7.4000000e+01   5.5712018e+01   4.6588901e+01   3.2112429e+01   2.2248758e+01   2.5362749e+01   2.6728581e+01   1.5781099e+01   4.0740483e+01   3.5340336e+01   2.1601171e+01
   7.5000000e+01   5.6040186e+01   4.7048959e+01   3.2927384e+01   2.2397069e+01   2.6348573e+01   2.7548956e+01   1.6320871e+01   4.1380326e+01   3.6416837e+01   2.2149936e+01
   7.6000000e+01   5.6272912e+01   4.7296834e+01   3.3626968e+01   2.3186516e+01   2.6326775e+01   2.7920176e+01   1.6662156e+01   4.0953745e+01   3.7061720e+01   2.2832222e+01
   7.7000000e+01   5.6666579e+01   4.8017967e+01   3.3934772e+01   2.3316827e+01   2.7330778e+01   2.8914074e+01   1.6607651e+01   4.2101755e+01   3.7894076e+01   2.3339128e+01
   7.8000000e+01   5.6400838e+01   4.8352550e+01   3.4051601e+01   2.3359656e+01   2.8120833e+01   2.9075489e+01   1.7098556e+01   4.2391628e+01   3.7816004e+01   2.3372287e+01
   7.9000000e+01   5.6445230e+01   4.9033624e+01   3.4780839e+01   2.4401020e+01   2.8457592e+01   2.9249369e+01   1.6834727e+01   4.3034752e+01   3.8688483e+01   2.3613289e+01
   8.0000000e+01   5.7146545e+01   4.9141754e+01   3.5331161e+01   2.4617221e+01   2.9047592e+01   3.0046081e+01   1.7155069e+01   4.3346598e+01   3.9589558e+01   2.4210050e+01
   8.1000000e+01   4.5356556e+01   4.8886502e+01   3.5892595e+01   2.4782057e+01   2.9649493e+01   3.0953175e+01   1.7005217e+01   4.4442459e+01   3.9655475e+01   2.4786260e+01
   8.2000000e+01   3.8382294e+01   4.5101377e+01   3.6506631e+01   2.5413449e+01   3.0140279e+01   3.3523873e+01   1.7560613e+01   4.3933350e+01   3.8743616e+01   2.4732250e+01
   8.3000000e+01   3.5757578e+01   4.1728090e+01   3.7497669e+01   2.5498443e+01   3.0311378e+01   3.4673656e+01   1.8184275e+01   4.2565496e+01   3.6524277e+01   2.5201629e+01
   8.4000000e+01   3.3738233e+01   3.8973847e+01   3.7147904e+01   2.6055694e+01   3.0892862e+01   3.6350571e+01   1.7997955e+01   4.1587558e+01   3.4746158e+01   2.5989468e+01
   8.5000000e+01   3.2973903e+01   3.6734550e+01   3.7913419e+01   2.6428685e+01   3.1251598e+01   3.6626438e+01   1.8661448e+01   4.0307112e+01   3.3168400e+01   2.5900923e+01
   8.6000000e+01   3.2174708e+01   3.5390099e+01   3.7713516e+01   2.6950704e+01   3.1021630e+01   3.6909039e+01   1.8901067e+01   3.9011805e+01   3.1007900e+01   2.6501232e+01
   8.7000000e+01   3.1904701e+01   3.4149669e+01   3.7581899e+01   2.7065630e+01   3.0605403e+01   3.6968574e+01   1.9253458e+01   3.7882591e+01   3.0204845e+01   2.6304652e+01
   8.8000000e+01   3.1352862e+01   3.3059647e+01   3.7350469e+01   2.8258104e+01   3.0578087e+01   3.7128742e+01   1.8936345e+01   3.7497101e+01   2.9147732e+01   2.6966581e+01
   8.9000000e+01   3.1132978e+01   3.2654017e+01   3.7063478e+01   2.7989264e+01   3.0241714e+01   3.6783379e+01   1.9713185e+01   3.6592031e+01   2.7921786e+01   2.6850687e+01
   9.0000000e+01   3.0683744e+01   3.1904398e+01   3.6762555e+01   2.8088392e+01   3.0143970e+01   3.7192940e+01   1.9868084e+01   3.6130817e+01   2.7057156e+01   2.7455349e+01
   9.1000000e+01   3.0541083e+01   3.1747963e+01   3.5911811e+01   2.8457961e+01   3.0278321e+01   3.6935054e+01   1.9888269e+01   3.5301326e+01   2.6389344e+01   2.7154397e+01
   9.2000000e+01   3.0869264e+01   3.1318672e+01   3.6158463e+01   2.8393958e+01   2.9562124e+01   3.7259595e+01   2.0151436e+01   3.5347938e+01   2.6410773e+01   2.7307361e+01
   9.3000000e+01   3.0390853e+01   3.0640291e+01   3.6043136e+01   2.9005448e+01   2.9638359e+01   3.7120848e+01   2.0398642e+01   3.4597067e+01   2.5322078e+01   2.7822422e+01
   9.4000000e+01   3.0428561e+01   3.0237886e+01   3.5978640e+01   2.9062046e+01   2.9042856e+01   3.6324779e+01   2.0822424e+01   3.4414034e+01   2.5509106e+01   2.7331070e+01
   9.5000000e+01   3.0019978e+01   3.0042231e+01   3.5594679e+01   2.9164489e+01   2.9114934e+01   3.6252855e+01   2.0571431e+01   3.4147359e+01   2.5165809e+01   2.7235422e+01
   9.6000000e+01   3.0428516e+01   3.0029126e+01   3.5385228e+01   2.9542140e+01   2.8776101e+01   3.6098590e+01   2.1147821e+01   3.3897598e+01   2.4395885e+01   2.7556154e+01
   9.7000000e+01   3.0262232e+01   2.9893623e+01   3.5052501e+01   2.9366247e+01   2.8824599e+01   3.5974503e+01   2.1270201e+01   3.3430494e+01   2.4241322e+01   2.7562835e+01
   9.8000000e+01   3.0359275e+01   2.9541635e+01   3.4902293e+01   2.9501541e+01   2.8703637e+01   3.5864344e+01   2.1819937e+01   3.3505538e+01   2.4490116e+01   2.7256078e+01
   9.9000000e+01   3.0215707e+01   2.9416130e+01   3.5022635e+01   2.9381877e+01   2.8515577e+01   3.5609375e+01   2.1873943e+01   3.3372161e+01   2.3989831e+01   2.7457355e+01
   1.0000000e+02   3.0045766e+01   2.9590511e+01   3.4484139e+01   2.9557056e+01   2.8272668e+01   3.5428071e+01   2.2344010e+01   3.3059821e+01   2.3741162e+01   2.7645663e+01
   1.0100000e+02   3.0466154e+01   2.9388875e+01   3.4779147e+01   2.9365337e+01   2.7960668e+01   3.4728522e+01   2.1986106e+01   3.1601668e+01   2.3639303e+01   2.7647977e+01
   1.0200000e+02   2.9333422e+01   2.9416685e+01   3.4086125e+01   2.9407718e+01   2.7548180e+01   3.3447032e+01   2.2359929e+01   2.9613790e+01   2.3564670e+01   2.7564192e+01
   1.0300000e+02   2.7891248e+01   2.9062830e+01   3.3532026e+01   2.9093711e+01   2.7876432e+01   3.1356789e+01   2.2224890e+01   2.8168717e+01   2.3372206e+01   2.7561573e+01
   1.0400000e+02   2.7460915e+01   2.8575064e+01   3.2961932e+01   2.9274989e+01   2.7581398e+01   3.0787690e+01   2.2541450e+01   2.6921716e+01   2.3121782e+01   2.7586430e+01
   1.0500000e+02   2.6550411e+01   2.8692309e+01   3.2386445e+01   2.8965831e+01   2.7954205e+01   2.9474578e+01   2.2751804e+01   2.5937364e+01   2.2960159e+01   2.7597449e+01
   1.0600000e+02   2.6036796e+01   2.8348876e+01   3.1598507e+01   2.8933771e+01   2.7728531e+01   2.9104860e+01   2.3118587e+01   2.5665972e+01   2.2793018e+01   2.7407080e+01
   1.0700000e+02   2.5794128e+01   2.7886898e+01   3.0913701e+01   2.8893871e+01   2.7475294e+01   2.8182046e+01   2.2522421e+01   2.4646864e+01   2.2518595e+01   2.7545744e+01
   1.0800000e+02   2.4949258e+01   2.7787222e+01   3.0474217e+01   2.8431486e+01   2.7483981e+01   2.7980983e+01   2.2683263e+01   2.4177084e+01   2.2873846e+01   2.7014234e+01
   1.0900000e+02   2.4972704e+01   2.7390221e+01   3.0017179e+01   2.8501582e+01   2.7251229e+01   2.7031688e+01   2.2702855e+01   2.4179633e+01   2.2894361e+01   2.7105556e+01
   1.1000000e+02   2.4360556e+01   2.7162295e+01   2.9730924e+01   2.8056682e+01   2.6679643e+01   2.6498078e+01   2.2348794e+01   2.4021926e+01   2.2413976e+01   2.6916476e+01
   1.1100000e+02   2.8559791e+01   2.6721705e+01   2.9294866e+01   2.7654543e+01   2.6826475e+01   2.6568660e+01   2.2189424e+01   2.3572122e+01   2.2246354e+01   2.6895916e+01
   1.1200000e+02   3.2046804e+01   2.8592675e+01   2.8600109e+01   2.7622542e+01   2.6520635e+01   2.6082727e+01   2.2733539e+01   2.4736087e+01   2.2834661e+01   2.6793121e+01
   1.1300000e+02   3.3261130e+01   2.9713511e+01   2.8139178e+01   2.7289475e+01   2.6459248e+01   2.5741195e+01   2.2487368e+01   2.5116809e+01   2.3713761e+01   2.6794038e+01
   1.1400000e+02   3.4160779e+01   3.0809024e+01   2.8552086e+01   2.6857198e+01   2.6114167e+01   2.5467483e+01   2.2518924e+01   2.6606017e+01   2.4418314e+01   2.6534618e+01
   1.1500000e+02   3.4332096e+01   3.1800370e+01   2.8768293e+01   2.7020588e+01   2.6550100e+01   2.5399876e+01   2.2673876e+01   2.6775270e+01   2.5249169e+01   2.6465286e+01
   1.1600000e+02   3.5218683e+01   3.1967098e+01   2.8111040e+01   2.6608247e+01   2.6535734e+01   2.5802314e+01   2.2413704e+01   2.7765916e+01   2.6520819e+01   2.6417213e+01
   1.1700000e+02   3.5478531e+01   3.2601305e+01   2.9005244e+01   2.6377199e+01   2.6649431e+01   2.6074798e+01   2.2327911e+01   2.8337158e+01   2.6614430e+01   2.6214489e+01
   1.1800000e+02   3.5420664e+01   3.3206765e+01   2.9204294e+01   2.6337056e+01   2.6667292e+01   2.5976543e+01   2.2435685e+01   2.8677380e+01   2.6918567e+01   2.5940354e+01
   1.1900000e+02   3.5954604e+01   3.3615384e+01   2.9203142e+01   2.6344226e+01   2.7174552e+01   2.6023676e+01   2.2267408e+01   2.8978153e+01   2.7236205e+01   2.6070334e+01
   1.2000000e+02   3.6053774e+01   3.3722709e+01   2.9563149e+01   2.6139238e+01   2.6933825e+01   2.6603189e+01   2.2392463e+01   2.9748415e+01   2.7678268e+01   2.6037832e+01
   1.2100000e+02   3.1514886e+01   3.3718664e+01   2.9735954e+01   2.6422838e+01   2.6846457e+01   2.6875014e+01   2.2222450e+01   3.0282754e+01   2.7680108e+01   2.6059392e+01
   1.2200000e+02   2.9342194e+01   3.2399954e+01   2.9827282e+01   2.6147138e+01   2.7433711e+01   2.8492159e+01   2.2203403e+01   3.2009826e+01   2.7988349e+01   2.6215744e+01
   1.2300000e+02   2.8444512e+01   3.1069738e+01   3.0734478e+01   2.6294255e+01   2.7524651e+01   2.9866825e+01   2.2085379e+01   3.1985417e+01   2.6611429e+01   2.6294985e+01
   1.2400000e+02   2.8195185e+01   2.9878408e+01   3.1203456e+01   2.6370657e+01   2.7586344e+01   3.1564043e+01   2.2043096e+01   3.2337696e+01   2.6282079e+01   2.6274114e+01
   1.2500000e+02   2.8354656e+01   2.9458168e+01   3.1436006e+01   2.6731283e+01   2.7580601e+01   3.1666645e+01   2.2008767e+01   3.1739551e+01   2.5562880e+01   2.6198033e+01
   1.2600000e+02   2.8323118e+01   2.9078369e+01   3.1790461e+01   2.7106227e+01   2.7161184e+01   3.2291948e+01   2.2340236e+01   3.2130189e+01   2.5069362e+01   2.6469938e+01
   1.2700000e+02   2.8676341e+01   2.8686226e+01   3.1891782e+01   2.6649305e+01   2.7200303e+01   3.2638732e+01   2.2432547e+01   3.2019907e+01   2.4264302e+01   2.6177705e+01
   1.2800000e+02   2.9067114e+01   2.8668498e+01   3.1898197e+01   2.7242390e+01   2.7189001e+01   3.3184510e+01   2.2681183e+01   3.1935538e+01   2.3794713e+01   2.5880609e+01
   1.2900000e+02   2.9057441e+01   2.8003600e+01   3.2207951e+01   2.7670182e+01   2.7190689e+01   3.3076777e+01   2.2061692e+01   3.1675717e+01   2.3727152e+01   2.6506244e+01
   1.3000000e+02   2.9240392e+01   2.8573949e+01   3.2368491e+01   2.7565069e+01   2.7345430e+01   3.3201186e+01   2.2658584e+01   3.1676818e+01   2.3743352e+01   2.6694122e+01
   1.3100000e+02   2.9465104e+01   2.8320843e+01   3.2272895e+01   2.8027976e+01   2.6857600e+01   3.3511704e+01   2.2800709e+01   3.1682050e+01   2.3356974e+01   2.6222817e+01
   1.3200000e+02   2.9269361e+01   2.8080885e+01   3.2450356e+01   2.7804255e+01   2.7053846e+01   3.3359521e+01   2.2512924e+01   3.1606228e+01   2.3491414e+01   2.6361565e+01
   1.3300000e+02   2.9479861e+01   2.8102079e+01   3.2321907e+01   2.8194136e+01   2.6587120e+01   3.3365817e+01   2.2526046e+01   3.2069640e+01   2.3116322e+01   2.6614614e+01
   1.3400000e+02   2.9710621e+01   2.8322120e+01   3.2607982e+01   2.8304761e+01   2.7164633e+01   3.3798018e+01   2.2901327e+01   3.1803309e+01   2.3112192e+01   2.6821782e+01
   1.3500000e+02   3.0018100e+01   2.8122519e+01   3.2389427e+01   2.8260778e+01   2.7092882e+01   3.3757914e+01   2.2693598e+01   3.1403737e+01   2.3305401e+01   2.6465211e+01
   1.3600000e+02   2.9885014e+01   2.8474279e+01   3.2691108e+01   2.8215492e+01   2.6703288e+01   3.3628239e+01   2.3006014e+01   3.2092142e+01   2.3090010e+01   2.6488862e+01
   1.3700000e+02   2.9520840e+01   2.8292620e+01   3.2549195e+01   2.8481924e+01   2.6919026e+01   3.3467816e+01   2.2975458e+01   3.1798691e+01   2.2768163e+01   2.6811077e+01
   1.3800000e+02   3.0172668e+01   2.8439529e+01   3.2782928e+01   2.8826087e+01   2.6772506e+01   3.3710189e+01   2.3448665e+01   3.2027527e+01   2.2910188e+01   2.7037199e+01
   1.3900000e+02   2.9904962e+01   2.8707209e+01   3.2608751e+01   2.8599384e+01   2.7432511e+01   3.3723290e+01   2.3335575e+01   3.1780867e+01   2.2790407e+01   2.7022930e+01
   1.4000000e+02   3.0405710e+01   2.8234752e+01   3.2397103e+01   2.9005718e+01   2.7465363e+01   3.3487944e+01   2.3795894e+01   3.1727636e+01   2.2956477e+01   2.6769754e+01
   1.4100000e+02   3.0067313e+01   2.8337888e+01   3.2822578e+01   2.8513964e+01   2.7033618e+01   3.2869721e+01   2.3703330e+01   3.1057422e+01   2.2873108e+01   2.7040842e+01
   1.4200000e+02   2.9658781e+01   2.8824327e+01   3.2227770e+01   2.8774109e+01   2.7277506e+01   3.2045465e+01   2.3595047e+01   2.8665837e+01   2.2731355e+01   2.6960294e+01
   1.4300000e+02   2.8567334e+01   2.8553420e+01   3.2051992e+01   2.8688487e+01   2.6888670e+01   3.0213633e+01   2.3916310e+01   2.7739005e+01   2.3130915e+01   2.7194207e+01
   1.4400000e+02   2.7623908e+01   2.8969917e+01   3.1519223e+01   2.8950188e+01   2.7141999e+01   2.9407179e+01   2.3631273e+01   2.6849469e+01   2.3097830e+01   2.6902109e+01
   1.4500000e+02   2.6697504e+01   2.8262980e+01   3.0755704e+01   2.8859915e+01   2.6843978e+01   2.8153330e+01   2.3873752e+01   2.5597895e+01   2.3303278e+01   2.7098384e+01
   1.4600000e+02   2.6135803e+01   2.7994542e+01   3.0146213e+01   2.8731074e+01   2.6652489e+01   2.7835523e+01   2.4045447e+01   2.4796334e+01   2.2826943e+01   2.6673648e+01
   1.4700000e+02   2.5384112e+01   2.7501747e+01   2.9704644e+01   2.8328973e+01   2.7166897e+01   2.7146312e+01   2.3833962e+01   2.4693132e+01   2.3104307e+01   2.6871580e+01
   1.4800000e+02   2.4895119e+01   2.7313314e+01   2.9179242e+01   2.8279781e+01   2.6863901e+01   2.6671946e+01   2.3444554e+01   2.3896362e+01   2.3136024e+01   2.7006521e+01
   1.4900000e+02   2.4666911e+01   2.6895460e+01   2.8897054e+01   2.7769289e+01   2.6433623e+01   2.6082821e+01   2.3894673e+01   2.4087523e+01   2.2903918e+01   2.6713164e+01
   1.5000000e+02   2.4486833e+01   2.6721624e+01   2.8445070e+01   2.7669564e+01   2.6889329e+01   2.5791789e+01   2.3857473e+01   2.3336609e+01   2.2470970e+01   2.6968146e+01
   1.5100000e+02   2.4442534e+01   2.6964980e+01   2.7889676e+01   2.7450586e+01   2.6651652e+01   2.5735178e+01   2.3873660e+01   2.3051357e+01   2.2515701e+01   2.6820191e+01
   1.5200000e+02   2.4192432e+01   2.6255039e+01   2.8118711e+01   2.7179222e+01   2.6468162e+01   2.5433033e+01   2.3509923e+01   2.3153549e+01   2.2517384e+01   2.6832542e+01
   1.5300000e+02   2.3763078e+01   2.6164021e+01   2.7938942e+01   2.6885144e+01   2.6325792e+01   2.5355813e+01   2.3565912e+01   2.3199182e+01   2.2453536e+01   2.6565715e+01
   1.5400000e+02   2.3527136e+01   2.6382252e+01   2.7297881e+01   2.6922914e+01   2.6028217e+01   2.4428064e+01   2.3313810e+01   2.2576737e+01   2.2299961e+01   2.7099897e+01
   1.5500000e+02   2.3794468e+01   2.5991253e+01   2.7015619e+01   2.6794680e+01   2.6102873e+01   2.4907043e+01   2.3703126e+01   2.2624651e+01   2.2183749e+01   2.6428774e+01
   1.5600000e+02   2.3421467e+01   2.5811160e+01   2.6797080e+01   2.6569037e+01   2.6178628e+01   2.4526610e+01   2.3646353e+01   2.2140040e+01   2.2137271e+01   2.6300836e+01
   1.5700000e+02   2.3163687e+01   2.5241187e+01   2.7099386e+01   2.6378046e+01   2.5534036e+01   2.4171870e+01   2.3265891e+01   2.2441005e+01   2.2245139e+01   2.6385664e+01
   1.5800000e+02   2.3021720e+01   2.5327701e+01   2.6738315e+01   2.5938502e+01   2.5390598e+01   2.4113046e+01   2.3457904e+01   2.1848699e+01   2.2066352e+01   2.6137309e+01
   1.5900000e+02   2.3077579e+01   2.5252119e+01   2.6443050e+01   2.5687225e+01   2.5818601e+01   2.3894334e+01   2.3075210e+01   2.1655858e+01   2.1868067e+01   2.5909281e+01
   1.6000000e+02   2.2542858e+01   2.5369315e+01   2.6146505e+01   2.5845491e+01   2.5566946e+01   2.4192759e+01   2.2684025e+01   2.2129860e+01   2.1735925e+01   2.5867854e+01
   1.6100000e+02   2.2951542e+01   2.4802166e+01   2.6320207e+01   2.6008265e+01   2.5393565e+01   2.4453556e+01   2.2836890e+01   2.2598580e+01   2.1878136e+01   2.5404923e+01
   1.6200000e+02   2.3762483e+01   2.4717619e+01   2.6145401e+01   2.5150583e+01   2.5096597e+01   2.5952286e+01   2.3290714e+01   2.4600621e+01   2.1544564e+01   2.5589610e+01
   1.6300000e+02   2.4846536e+01   2.4615475e+01   2.6666674e+01   2.5425688e+01   2.4920320e+01   2.6838325e+01   2.3141212e+01   2.5852310e+01   2.1474463e+01   2.5325103e+01
   1.6400000e+02   2.5263417e+01   2.5112878e+01   2.7027813e+01   2.5413361e+01   2.5236839e+01   2.7998041e+01   2.2738951e+01   2.6838187e+01   2.1161284e+01   2.5445484e+01
   1.6500000e+02   2.6078353e+01   2.4974429e+01   2.7439450e+01   2.5498392e+01   2.4911447e+01   2.8587263e+01   2.3123679e+01   2.7224694e+01   2.1448908e+01   2.5192463e+01
   1.6600000e+02   2.6816503e+01   2.4747609e+01   2.7676536e+01   2.5352860e+01   2.4643794e+01   2.9346665e+01   2.2949010e+01   2.8539031e+01   2.0917160e+01   2.5337032e+01
   1.6700000e+02   2.7480486e+01   2.5392335e+01   2.8663082e+01   2.5594280e+01   2.4994211e+01   2.9567151e+01   2.2661833e+01   2.8739771e+01   2.0841812e+01   2.4956539e+01
   1.6800000e+02   2.7294442e+01   2.5379064e+01   2.8430723e+01   2.5668197e+01   2.4729912e+01   3.0041072e+01   2.2692585e+01   2.8882356e+01   2.0937122e+01   2.5310445e+01
   1.6900000e+02   2.7591929e+01   2.5968650e+01   2.8612817e+01   2.6273911e+01   2.5108854e+01   3.0398236e+01   2.2813441e+01   2.9469793e+01   2.1366970e+01   2.5179727e+01
   1.7000000e+02   2.8165946e+01   2.5917279e+01   2.9174528e+01   2.6435840e+01   2.5179349e+01   3.0434678e+01   2.2442506e+01   2.9227784e+01   2.1269286e+01   2.5313823e+01
   1.7100000e+02   2.8529820e+01   2.6057267e+01   2.9418415e+01   2.6330250e+01   2.4937699e+01   3.0782917e+01   2.2646637e+01   2.9699860e+01   2.1345092e+01   2.5532213e+01
   1.7200000e+02   2.8880065e+01   2.6474456e+01   2.9528541e+01   2.6549448e+01   2.5043376e+01   3.0910280e+01   2.2651188e+01   2.9793735e+01   2.1149590e+01   2.5311878e+01
   1.7300000e+02   2.9057067e+01   2.6764642e+01   3.0030468e+01   2.6414165e+01   2.5053292e+01   3.1218615e+01   2.2703952e+01   3.0093951e+01   2.1397510e+01   2.5449488e+01
   1.7400000e+02   2.9102838e+01   2.6743926e+01   3.0031231e+01   2.6845275e+01   2.5187321e+01   3.1507238e+01   2.3053027e+01   3.0031686e+01   2.1884939e+01   2.5328382e+01
   1.7500000e+02   2.9556592e+01   2.7200833e+01   3.0361216e+01   2.6903044e+01   2.5315266e+01   3.1404516e+01   2.3045713e+01   3.0608264e+01   2.1820800e+01   2.5983863e+01
   1.7600000e+02   2.9599932e+01   2.7162216e+01   3.0694663e+01   2.7457989e+01   2.5072893e+01   3.1452364e+01   2.3008543e+01   3.0197405e+01   2.1665671e+01   2.5766941e+01
   1.7700000e+02   2.9651573e+01   2.7322099e+01   3.0303230e+01   2.7401633e+01   2.5536187e+01   3.2013558e+01   2.3243775e+01   3.0341491e+01   2.2035052e+01   2.5501919e+01
   1.7800000e+02   2.9889642e+01   2.7818473e+01   3.0808330e+01   2.7480434e+01   2.5430185e+01   3.1833898e+01   2.3063009e+01   3.0394858e+01   2.2527370e+01   2.5718983e+01
   1.7900000e+02   3.0254538e+01   2.7725276e+01   3.1133152e+01   2.7400114e+01   2.5196091e+01   3.1807123e+01   2.3018184e+01   3.0680321e+01   2.2645312e+01   2.5990707e+01
   1.8000000e+02   3.0222865e+01   2.7413141e+01   3.1028172e+01   2.7604932e+01   2.5351195e+01   3.2054367e+01   2.3375810e+01   3.0809963e+01   2.2277496e+01   2.6001880e+01
   1.8100000e+02   3.0021957e+01   2.7918781e+01   3.1164519e+01   2.8345229e+01   2.5701224e+01   3.1498674e+01   2.3243761e+01   3.0325962e+01   2.2365087e+01   2.6118168e+01
   1.8200000e+02   2.9011169e+01   2.7936697e+01   3.0897246e+01   2.8127626e+01   2.5441446e+01   2.9908324e+01   2.3347121e+01   2.7991791e+01   2.2678525e+01   2.5974526e+01
   1.8300000e+02   2.8412703e+01   2.8113172e+01   3.0675077e+01   2.7886354e+01   2.5578918e+01   2.8805761e+01   2.3815752e+01   2.6887498e+01   2.2410574e+01   2.6216207e+01
   1.8400000e+02   2.7695528e+01   2.7744050e+01   3.0187462e+01   2.7947498e+01   2.5642040e+01   2.7832870e+01   2.3407419e+01   2.5829086e+01   2.2645924e+01   2.6644931e+01
   1.8500000e+02   2.6894004e+01   2.7595764e+01   2.9490950e+01   2.7818469e+01   2.6213380e+01   2.6943659e+01   2.3945215e+01   2.5034043e+01   2.2523021e+01   2.6152432e+01
   1.8600000e+02   2.6505665e+01   2.7340053e+01   2.9245669e+01   2.7610613e+01   2.6025909e+01   2.6797527e+01   2.3679008e+01   2.4385232e+01   2.2884221e+01   2.6245978e+01
   1.8700000e+02   2.5709991e+01   2.7336628e+01   2.8298848e+01   2.7429063e+01   2.6131848e+01   2.6129311e+01   2.3354139e+01   2.3894220e+01   2.2753056e+01   2.6133585e+01
   1.8800000e+02   2.5455486e+01   2.6810424e+01   2.8564534e+01   2.7327529e+01   2.5820582e+01   2.5687151e+01   2.3892575e+01   2.3413229e+01   2.2825405e+01   2.6198126e+01
   1.8900000e+02   2.5283988e+01   2.6965996e+01   2.7763383e+01   2.7283061e+01   2.5954490e+01   2.5438010e+01   2.4072100e+01   2.3451864e+01   2.3009925e+01   2.6181545e+01
   1.9000000e+02   2.4545351e+01   2.6885378e+01   2.7602496e+01   2.7078207e+01   2.5925361e+01   2.5015344e+01   2.4201386e+01   2.3125931e+01   2.2803527e+01   2.6509776e+01
   1.9100000e+02   2.4701816e+01   2.6632214e+01   2.7268696e+01   2.6782378e+01   2.5877612e+01   2.4837995e+01   2.3636769e+01   2.2847549e+01   2.2606936e+01   2.5898067e+01
   1.9200000e+02   2.4396557e+01   2.6533463e+01   2.6976050e+01   2.6763938e+01   2.5527721e+01   2.4834649e+01   2.3484452e+01   2.2836989e+01   2.2438684e+01   2.6327227e+01
   1.9300000e+02   2.4465317e+01   2.5974105e+01   2.7257832e+01   2.6114331e+01   2.5880467e+01   2.4646804e+01   2.3767794e+01   2.2360114e+01   2.2695259e+01   2.6044884e+01
   1.9400000e+02   2.3862676e+01   2.6118596e+01   2.6540701e+01   2.6336572e+01   2.5868840e+01   2.3868113e+01   2.3789714e+01   2.2673644e+01   2.2049201e+01   2.5984409e+01
   1.9500000e+02   2.3468978e+01   2.5729759e+01   2.6463652e+01   2.5711276e+01   2.5523785e+01   2.3698047e+01   2.3858652e+01   2.2315964e+01   2.2583497e+01   2.5706075e+01
   1.9600000e+02   2.3809900e+01   2.5873295e+01   2.6260767e+01   2.5828289e+01   2.5203103e+01   2.3617339e+01   2.3554094e+01   2.2246537e+01   2.2319706e+01   2.5412706e+01
   1.9700000e+02   2.3742152e+01   2.5505260e+01   2.5949728e+01   2.5623277e+01   2.5527144e+01   2.3770884e+01   2.3634112e+01   2.1872639e+01   2.2436425e+01   2.5581756e+01
   1.9800000e+02   2.3551040e+01   2.5063894e+01   2.5711864e+01   2.5684564e+01   2.4975168e+01   2.3214857e+01   2.3543846e+01   2.1781327e+01   2.2149836e+01   2.5402423e+01
   1.9900000e+02   2.3611422e+01   2.4926448e+01   2.5408696e+01   2.5005128e+01   2.5073947e+01   2.3086733e+01   2.3229306e+01   2.1755356e+01   2.1844142e+01   2.5601910e+01
   2.0000000e+02   2.2905667e+01   2.4731083e+01   2.5669257e+01   2.5182314e+01   2.5247365e+01   2.3341988e+01   2.3256038e+01   2.2008278e+01   2.1808731e+01   2.5716589e+01
   2.0100000e+02   2.2300275e+01   2.3937858e+01   2.5341983e+01   2.4852514e+01   2.5063169e+01   2.2668306e+01   2.3129387e+01   2.1470463e+01   2.1868343e+01   2.5305853e+01
   2.0200000e+02   2.0977262e+01   2.2506409e+01   2.4310184e+01   2.4234909e+01   2.4956337e+01   2.2392025e+01   2.3144482e+01   2.0410966e+01   2.2160041e+01   2.3978232e+01
   2.0300000e+02   1.9956384e+01   2.1176818e+01   2.2642581e+01   2.3060385e+01   2.3941823e+01   2.1855702e+01   2.2862245e+01   1.9612283e+01   2.1104781e+01   2.2774132e+01
   2.0400000e+02   1.9221784e+01   1.9894452e+01   2.1890362e+01   2.2035645e+01   2.3431712e+01   2.1124662e+01   2.2431227e+01   1.9011539e+01   2.1039596e+01   2.1644270e+01
   2.0500000e+02   1.7934387e+01   1.9949405e+01   2.0164470e+01   2.1230334e+01   2.2625265e+01   2.0474486e+01   2.2232724e+01   1.8423779e+01   2.0585556e+01   2.0884329e+01
   2.0600000e+02   1.7221384e+01   1.8793677e+01   1.9849746e+01   2.0809112e+01   2.1545785e+01   1.9767124e+01   2.1601020e+01   1.7638528e+01   2.0601699e+01   2.0343867e+01
   2.0700000e+02   1.6639518e+01   1.8370685e+01   1.8079019e+01   1.9916928e+01   2.0948865e+01   1.8973486e+01   2.1306564e+01   1.7183749e+01   2.0103072e+01   1.9804324e+01
   2.0800000e+02   1.5817499e+01   1.7430897e+01   1.7709164e+01   1.9349858e+01   2.0477561e+01   1.8537845e+01   2.0668348e+01   1.6450044e+01   1.9448394e+01   1.8966199e+01
   2.0900000e+02   1.5293313e+01   1.6850246e+01   1.6423705e+01   1.8647104e+01   1.9788904e+01   1.7882765e+01   2.0039729e+01   1.6185778e+01   1.9020171e+01   1.8461472e+01
   2.1000000e+02   1.4789142e+01   1.6301061e+01   1.6292084e+01   1.8289830e+01   1.8857417e+01   1.7259855e+01   2.0276156e+01   1.5627716e+01   1.8306337e+01   1.8228568e+01
   2.1100000e+02   1.4307345e+01   1.5781198e+01   1.5397134e+01   1.7744018e+01   1.8845471e+01   1.6655218e+01   1.9788481e+01   1.5155688e+01   1.8197868e+01   1.7593987e+01
   2.1200000e+02   1.4191880e+01   1.5713087e+01   1.5046877e+01   1.7287752e+01   1.8040137e+01   1.6035779e+01   1.9083408e+01   1.5067333e+01   1.8005714e+01   1.6908569e+01
   2.1300000e+02   1.3612808e+01   1.4750262e+01   1.4635733e+01   1.6809984e+01   1.7489690e+01   1.5720206e+01   1.8979030e+01   1.4415155e+01   1.7802720e+01   1.6579444e+01
   2.1400000e+02   1.2919062e+01   1.4990137e+01   1.3869706e+01   1.6436432e+01   1.7532177e+01   1.5518783e+01   1.8846247e+01   1.4201679e+01   1.7646545e+01   1.6447620e+01
   2.1500000e+02   1.2709883e+01   1.3653511e+01   1.3610836e+01   1.6066456e+01   1.6546102e+01   1.4822695e+01   1.8216711e+01   1.3229397e+01   1.6974513e+01   1.6177737e+01
   2.1600000e+02   1.2093488e+01   1.3665201e+01   1.2983112e+01   1.5981158e+01   1.6315089e+01   1.4663218e+01   1.7738161e+01   1.3353944e+01   1.7310325e+01   1.6003434e+01
   2.1700000e+02   1.1822651e+01   1.2951146e+01   1.3019485e+01   1.5251956e+01   1.5603761e+01   1.3918785e+01   1.7751114e+01   1.3120035e+01   1.6662959e+01   1.5536001e+01
   2.1800000e+02   1.1334185e+01   1.2992618e+01   1.2616319e+01   1.5217798e+01   1.6039766e+01   1.3695838e+01   1.7184362e+01   1.3033323e+01   1.6559007e+01   1.5019355e+01
   2.1900000e+02   1.1314276e+01   1.2239621e+01   1.1936635e+01   1.4753736e+01   1.5428368e+01   1.3086873e+01   1.7205559e+01   1.2363056e+01   1.6612199e+01   1.5038336e+01
   2.2000000e+02   1.0749525e+01   1.2283633e+01   1.2229511e+01   1.4679452e+01   1.4944449e+01   1.2981564e+01   1.6868115e+01   1.2499627e+01   1.5679384e+01   1.4401681e+01
   2.2100000e+02   1.1287659e+01   1.1750179e+01   1.0951896e+01   1.4032267e+01   1.4935562e+01   1.2628004e+01   1.6721223e+01   1.1764537e+01   1.5465577e+01   1.4241133e+01
   2.2200000e+02   1.0670348e+01   1.2100879e+01   1.1358709e+01   1.3664677e+01   1.4468350e+01   1.1717215e+01   1.5952245e+01   1.1448314e+01   1.5220509e+01   1.3947331e+01
   2.2300000e+02   9.9745637e+00   1.1621808e+01   1.0954791e+01   1.3793655e+01   1.4137158e+01   1.2058695e+01   1.5731284e+01   1.1564706e+01   1.4859664e+01   1.3685329e+01
   2.2400000e+02   9.9314258e+00   1.1509921e+01   1.0584079e+01   1.2723718e+01   1.3989784e+01   1.1989400e+01   1.5871551e+01   1.1384458e+01   1.4518100e+01   1.3246983e+01
   2.2500000e+02   9.7064056e+00   1.0846937e+01   1.0517463e+01   1.2911751e+01   1.3486558e+01   1.1239556e+01   1.5448149e+01   1.1306595e+01   1.4392815e+01   1.3225630e+01
   2.2600000e+02   9.2378683e+00   1.0474939e+01   1.0356246e+01   1.3336409e+01   1.3168729e+01   1.1324300e+01   1.5059471e+01   1.0478612e+01   1.4416056e+01   1.2828485e+01
   2.2700000e+02   9.5936420e+00   1.0209579e+01   1.0574973e+01   1.2563226e+01   1.3001617e+01   1.1218558e+01   1.4998091e+01   1.0462143e+01   1.4148639e+01   1.2981198e+01
   2.2800000e+02   9.1298526e+00   1.0375702e+01   9.6276203e+00   1.1914234e+01   1.2816935e+01   1.0951344e+01   1.4981700e+01   1.0056461e+01   1.3978548e+01   1.2608356e+01
   2.2900000e+02   9.2425445e+00   1.0345202e+01   9.7021884e+00   1.2116839e+01   1.2763669e+01   1.0745810e+01   1.4555232e+01   1.0040547e+01   1.3630090e+01   1.2611555e+01
   2.3000000e+02   8.9192838e+00   1.0345352e+01   9.5642916e+00   1.1967317e+01   1.2509826e+01   1.0057750e+01   1.4809633e+01   1.0160208e+01   1.3225303e+01   1.2417585e+01
